1 0.09014423076923077 0.09495192307692307 0.07451923076923077 0.13701923076923078
1 0.2860576923076923 0.08413461538461539 0.07211538461538461 0.13942307692307693
1 0.6838942307692307 0.09254807692307693 0.0889423076923077 0.16105769230769232
1 0.8894230769230769 0.09975961538461539 0.09134615384615384 0.19951923076923078
1 0.9002403846153846 0.3317307692307692 0.07451923076923077 0.18269230769230768
1 0.4951923076923077 0.3233173076923077 0.07211538461538461 0.1466346153846154
1 0.30408653846153844 0.35216346153846156 0.07932692307692307 0.21394230769230768
1 0.09735576923076923 0.6045673076923077 0.07451923076923077 0.17067307692307693
1 0.6899038461538461 0.6057692307692307 0.08173076923076923 0.1875
1 0.9014423076923077 0.6021634615384616 0.08653846153846154 0.1658653846153846
1 0.8942307692307693 0.84375 0.07692307692307693 0.1971153846153846
1 0.6983173076923077 0.8341346153846154 0.06971153846153846 0.16346153846153846
1 0.49158653846153844 0.8533653846153846 0.06490384615384616 0.16826923076923078
1 0.29927884615384615 0.8461538461538461 0.07932692307692307 0.17307692307692307
1 0.10697115384615384 0.8365384615384616 0.06490384615384616 0.14423076923076922