1 0.055288461538461536 0.3942307692307692 0.10576923076923077 0.1346153846153846
1 0.19951923076923078 0.38461538461538464 0.09134615384615384 0.16826923076923078
1 0.34134615384615385 0.3713942307692308 0.10576923076923077 0.14182692307692307
1 0.45552884615384615 0.36778846153846156 0.10817307692307693 0.1346153846153846
1 0.6430288461538461 0.37740384615384615 0.0985576923076923 0.13942307692307693
1 0.8641826923076923 0.390625 0.14182692307692307 0.15625
2 0.07692307692307693 0.6274038461538461 0.15384615384615385 0.6490384615384616
2 0.19951923076923078 0.6274038461538461 0.1971153846153846 0.6586538461538461
2 0.3329326923076923 0.609375 0.13701923076923078 0.6322115384615384
2 0.4567307692307692 0.6430288461538461 0.13942307692307693 0.6706730769230769
2 0.6538461538461539 0.6502403846153846 0.14423076923076922 0.6754807692307693
2 0.8389423076923077 0.6442307692307693 0.16346153846153846 0.6971153846153846